[
    [
        [0,1024,2048,3072],
        [1024,0,3072,2048],
        [2048,3072,0,1024],
        [3072,2048,1024,0]
    ],
    [
        [0,256,512,768],
        [256,0,768,512],
        [512,768,0,256],
        [768,512,256,0]
    ],
    [
        [0,64,128,192],
        [64,0,192,128],
        [128,192,0,64],
        [192,128,64,0]
    ],
    [
        [0,16,32,48],
        [16,0,48,32],
        [32,48,0,16],
        [48,32,16,0]
    ],
    [
        [0,4,8,12],
        [4,0,12,8],
        [8,12,0,4],
        [12,8,4,0]
    ],
    [
        [0,1,2,3],
        [1,0,3,2],
        [2,3,0,1],
        [3,2,1,0]
    ]
]